435
436
437
458
460
461
462
463
467
468
470
471
477
478
733
734
896
897
905
908
909
911
912
913
914
915
918
928
929
935
936
1710
1711
1712
1713
1714
1750
1751
1753
1754
1756
1757
1758
1759
1760
1762
1764
1765
1766
1767
1769
1770
1771
1772
1773
1781
1783
1784
1785
2279
2280
2281
2284
2669
2670
2671
2672
2674
2687
2688
2691
2692
2693
2694
2695
2696
2697
2698
2699
2700
2701
2706
2707
2708
2709
2728
2729
2730
2731
2732
2733
2734
2736
2749
2750
2751
2756
2757
2758
2759
2760
2761
2762
2763
2764
3219
3220
3237
3238
3239
3240
3241
3243
3244
3245
3248
3249
3479
3709
3710
3716
3717
3718
3719
3722
3724
3734
3735
3736
3738
3739
3747
3749
3751
3757
3758
3759
3760
3761
3762
3763
3764